13340.0,24,1,26395,54.83,17306.0,2,6020.0,10934.0,0.0,0.0,6810.0,10849.0,6415.0,10891.0,4.97
13340.0,24,1,26396,44.1,25615.0,3,7278.0,9621.0,8006.0,0.0,0.0,0.0,7689.0,11088.0,7551.0,7483.0,10354.0,7778.0,5.43,1.3
13340.0,24,1,26399,60.23,17956.0,2,6222.0,11764.0,0.0,0.0,6169.0,11759.0,6195.0,11761.0,4.63
13340.0,24,1,26400,43.42,24546.0,3,7290.0,9337.0,8338.0,0.0,0.0,0.0,6476.0,10066.0,7587.0,6883.0,9701.0,7962.0,5.4,1.29
13340.0,24,1,26404,51.01,16071.0,2,6963.0,10766.0,0.0,0.0,5318.0,9096.0,6140.0,9931.0,4.63
13340.0,24,1,26405,43.92,24632.0,3,7135.0,9666.0,8597.0,0.0,0.0,0.0,6195.0,10137.0,7536.0,6665.0,9901.0,8066.0,5.31,1.31
13340.0,24,1,26407,42.44,15031.0,2,5752.0,10285.0,0.0,0.0,4724.0,9301.0,5238.0,9793.0,4.82
13340.0,24,1,26408,42.88,24453.0,3,7401.0,9848.0,8329.0,0.0,0.0,0.0,5891.0,10265.0,7174.0,6646.0,10056.0,7751.0,5.29,1.28
13340.0,24,1,26412,41.94,14508.0,2,5735.0,9770.0,0.0,0.0,4234.0,9278.0,4984.0,9524.0,4.71
13340.0,24,1,26416,42.77,15707.0,2,5853.0,10010.0,0.0,0.0,5264.0,10288.0,5558.0,10149.0,4.83
13340.0,24,1,26418,42.84,15260.0,2,6219.0,9748.0,0.0,0.0,4847.0,9706.0,5533.0,9727.0,4.89
13340.0,24,1,26419,40.46,15011.0,2,5783.0,9636.0,0.0,0.0,5081.0,9522.0,5432.0,9579.0,4.81
13340.0,24,1,26420,51.48,15867.0,2,6757.0,10800.0,0.0,0.0,4885.0,9293.0,5821.0,10046.0,4.63
13340.0,24,1,26422,52.49,15936.0,2,6468.0,11023.0,0.0,0.0,5352.0,9029.0,5910.0,10026.0,4.67
13340.0,24,1,26423,51.44,16306.0,2,5672.0,10225.0,0.0,0.0,6540.0,10175.0,6106.0,10200.0,4.72
13340.0,24,1,26424,60.3,16634.0,2,6796.0,10517.0,0.0,0.0,5253.0,10703.0,6024.0,10610.0,4.64
13340.0,24,1,26428,62.32,17356.0,2,5989.0,10341.0,0.0,0.0,6902.0,11482.0,6445.0,10911.0,4.73
13340.0,24,1,26430,31.03,13043.0,2,4865.0,8342.0,0.0,0.0,4360.0,8520.0,4612.0,8431.0,4.8
13340.0,24,1,26433,32.22,13244.0,2,5016.0,8514.0,0.0,0.0,4413.0,8546.0,4714.0,8530.0,4.81
13340.0,24,1,26437,33.16,13425.0,2,5123.0,8997.0,0.0,0.0,4793.0,7937.0,4958.0,8467.0,4.84
13340.0,24,1,26439,33.19,12984.0,2,5147.0,9943.0,0.0,0.0,3656.0,7223.0,4401.0,8583.0,4.83
13340.0,25,1,26362,33.91,11225.0,3,3555.0,5835.0,3747.0,0.0,0.0,0.0,2215.0,3726.0,3373.0,2885.0,4780.0,3560.0,5.18,1.28
13340.0,25,1,26363,58.14,9667.0,2,4157.0,6709.0,0.0,0.0,3058.0,5412.0,3607.0,6060.0,4.58
13340.0,25,1,26365,40.64,13131.0,3,4152.0,5513.0,4958.0,0.0,0.0,0.0,2757.0,5144.0,3741.0,3454.0,5328.0,4349.0,5.22,1.29
13340.0,25,1,26366,58.57,8804.0,2,4033.0,5521.0,0.0,0.0,2711.0,5343.0,3372.0,5432.0,4.69
13340.0,25,1,26368,40.39,13647.0,3,4095.0,5574.0,4721.0,0.0,0.0,0.0,3292.0,5497.0,4117.0,3693.0,5535.0,4419.0,5.31,1.28
13340.0,25,1,26369,52.42,8906.0,2,3565.0,6283.0,0.0,0.0,2997.0,4968.0,3281.0,5625.0,4.7
13340.0,25,1,26371,39.28,13159.0,3,4037.0,5470.0,4753.0,0.0,0.0,0.0,3211.0,4918.0,3929.0,3624.0,5194.0,4341.0,5.2,1.24
13340.0,25,1,26372,52.42,9544.0,2,3836.0,6769.0,0.0,0.0,3052.0,5432.0,3444.0,6100.0,4.61
13340.0,25,1,26375,41.8,13684.0,3,3679.0,5291.0,4389.0,0.0,0.0,0.0,3655.0,5811.0,4543.0,3667.0,5551.0,4466.0,5.38,1.29
13340.0,25,1,26377,42.08,8350.0,2,3437.0,6059.0,0.0,0.0,2313.0,4892.0,2875.0,5475.0,4.85
13340.0,25,1,26379,42.23,8859.0,2,3295.0,6081.0,0.0,0.0,2837.0,5506.0,3066.0,5793.0,4.74
13340.0,25,1,26380,42.34,14075.0,3,3777.0,5448.0,4548.0,0.0,0.0,0.0,4119.0,5687.0,4573.0,3948.0,5567.0,4560.0,5.39,1.3
13340.0,25,1,26383,61.67,17727.0,2,6618.0,12259.0,0.0,0.0,5640.0,10938.0,6129.0,11598.0,4.85
13340.0,25,1,26384,42.26,24783.0,3,6419.0,9568.0,7469.0,0.0,0.0,0.0,7423.0,10216.0,8471.0,6921.0,9892.0,7970.0,5.36,1.29
13340.0,25,1,26386,60.52,17475.0,2,6764.0,11906.0,0.0,0.0,5607.0,10674.0,6185.0,11290.0,4.63
13340.0,25,1,26387,42.23,25577.0,3,6612.0,9505.0,8214.0,0.0,0.0,0.0,7735.0,10660.0,8431.0,7173.0,10082.0,8322.0,5.41,1.28
13340.0,25,1,26390,50.54,16143.0,2,6670.0,11329.0,0.0,0.0,5010.0,9278.0,5840.0,10303.0,4.62
13340.0,25,1,26391,43.42,24755.0,3,7170.0,10292.0,7721.0,0.0,0.0,0.0,6872.0,9858.0,7598.0,7021.0,10075.0,7659.0,5.34,1.32
