13340.0,25,1,26362,33.91,11225.0,3,3555.0,5835.0,3747.0,0.0,0.0,0.0,2215.0,3726.0,3373.0,2885.0,4780.0,3560.0,5.18,1.28
13340.0,25,1,26363,58.14,9667.0,2,4157.0,6709.0,0.0,0.0,3058.0,5412.0,3607.0,6060.0,4.58
13340.0,25,1,26365,40.64,13131.0,3,4152.0,5513.0,4958.0,0.0,0.0,0.0,2757.0,5144.0,3741.0,3454.0,5328.0,4349.0,5.22,1.29
13340.0,25,1,26366,58.57,8804.0,2,4033.0,5521.0,0.0,0.0,2711.0,5343.0,3372.0,5432.0,4.69
13340.0,25,1,26368,40.39,13647.0,3,4095.0,5574.0,4721.0,0.0,0.0,0.0,3292.0,5497.0,4117.0,3693.0,5535.0,4419.0,5.31,1.28
13340.0,25,1,26369,52.42,8906.0,2,3565.0,6283.0,0.0,0.0,2997.0,4968.0,3281.0,5625.0,4.7
13340.0,25,1,26371,39.28,13159.0,3,4037.0,5470.0,4753.0,0.0,0.0,0.0,3211.0,4918.0,3929.0,3624.0,5194.0,4341.0,5.2,1.24
13340.0,25,1,26372,52.42,9544.0,2,3836.0,6769.0,0.0,0.0,3052.0,5432.0,3444.0,6100.0,4.61
13340.0,25,1,26375,41.8,13684.0,3,3679.0,5291.0,4389.0,0.0,0.0,0.0,3655.0,5811.0,4543.0,3667.0,5551.0,4466.0,5.38,1.29
13340.0,25,1,26377,42.08,8350.0,2,3437.0,6059.0,0.0,0.0,2313.0,4892.0,2875.0,5475.0,4.85
13340.0,25,1,26379,42.23,8859.0,2,3295.0,6081.0,0.0,0.0,2837.0,5506.0,3066.0,5793.0,4.74
13340.0,25,1,26380,42.34,14075.0,3,3777.0,5448.0,4548.0,0.0,0.0,0.0,4119.0,5687.0,4573.0,3948.0,5567.0,4560.0,5.39,1.3

