5000.0,37,1,23,49.9,21584.0,2,10855.0,10720.0,0.0,0.0,10871.0,10723.0,10863.0,10721.0,2.99
5000.0,37,1,24,49.9,21587.0,2,10856.0,10722.0,0.0,0.0,10881.0,10716.0,10868.0,10719.0,2.99
5000.0,37,1,25,49.86,21579.0,2,10870.0,10705.0,0.0,0.0,10873.0,10711.0,10871.0,10708.0,2.99
5000.0,37,1,26,49.86,21579.0,2,10869.0,10704.0,0.0,0.0,10863.0,10722.0,10866.0,10713.0,2.99
5000.0,37,1,27,49.86,21583.0,2,10860.0,10714.0,0.0,0.0,10863.0,10731.0,10861.0,10722.0,2.99
5000.0,37,1,28,49.9,21579.0,2,10856.0,10719.0,0.0,0.0,10863.0,10722.0,10859.0,10720.0,2.99
5000.0,35,1,29,49.86,21583.0,2,10855.0,10720.0,0.0,0.0,10875.0,10717.0,10865.0,10718.0,2.99
5000.0,35,1,30,49.9,21584.0,2,10866.0,10712.0,0.0,0.0,10874.0,10716.0,10870.0,10714.0,2.99
5000.0,35,1,31,49.9,21579.0,2,10870.0,10707.0,0.0,0.0,10861.0,10722.0,10865.0,10714.0,2.99
5000.0,35,1,32,49.9,21577.0,2,10861.0,10710.0,0.0,0.0,10860.0,10725.0,10860.0,10717.0,2.99
5000.0,35,1,33,49.9,21580.0,2,10855.0,10717.0,0.0,0.0,10864.0,10725.0,10859.0,10721.0,2.99
5000.0,35,1,34,49.9,21585.0,2,10851.0,10729.0,0.0,0.0,10876.0,10715.0,10863.0,10722.0,2.99
10000.0,60,1,15,49.9,21607.0,2,10855.0,10719.0,0.0,0.0,10902.0,10739.0,10878.0,10729.0,2.99
10000.0,60,1,16,49.86,21605.0,2,10862.0,10708.0,0.0,0.0,10898.0,10742.0,10880.0,10725.0,2.99
10000.0,59,1,17,49.9,21606.0,2,10870.0,10704.0,0.0,0.0,10892.0,10746.0,10881.0,10725.0,2.99
10000.0,59,1,18,49.9,21605.0,2,10859.0,10709.0,0.0,0.0,10887.0,10756.0,10873.0,10732.0,2.99
10000.0,59,1,19,49.86,21602.0,2,10851.0,10712.0,0.0,0.0,10889.0,10752.0,10870.0,10732.0,2.99
10000.0,59,1,20,49.86,21605.0,2,10853.0,10719.0,0.0,0.0,10900.0,10739.0,10876.0,10729.0,2.99
10000.0,59,1,21,49.86,21609.0,2,10862.0,10715.0,0.0,0.0,10901.0,10741.0,10881.0,10728.0,2.99
10000.0,59,1,22,49.9,21601.0,2,10868.0,10700.0,0.0,0.0,10893.0,10743.0,10880.0,10721.0,2.99
31800.0,56,1,8,79.92,68709.0,4,17493.0,17243.0,17092.0,16857.0,0.0,0.0,0.0,0.0,17502.0,17253.0,17093.0,16887.0,17497.0,17248.0,17092.0,16872.0,3.99,5.99,1.19
31800.0,56,1,9,79.99,68718.0,4,17484.0,17247.0,17087.0,16873.0,0.0,0.0,0.0,0.0,17496.0,17267.0,17101.0,16882.0,17490.0,17257.0,17094.0,16877.0,4.0,6.0,1.19
31800.0,56,1,10,79.99,68750.0,4,17486.0,17263.0,17097.0,16870.0,0.0,0.0,0.0,0.0,17519.0,17276.0,17119.0,16872.0,17502.0,17269.0,17108.0,16871.0,4.0,6.0,1.19
31800.0,56,1,11,79.96,68750.0,4,17511.0,17268.0,17109.0,16850.0,0.0,0.0,0.0,0.0,17525.0,17255.0,17121.0,16863.0,17518.0,17261.0,17115.0,16856.0,4.0,5.99,1.19
31800.0,56,1,12,79.99,68715.0,4,17512.0,17239.0,17110.0,16850.0,0.0,0.0,0.0,0.0,17509.0,17252.0,17109.0,16852.0,17510.0,17245.0,17109.0,16851.0,4.0,6.0,1.19
5000.0,34,1,35,49.9,21582.0,2,10867.0,10709.0,0.0,0.0,10874.0,10715.0,10870.0,10712.0,2.99
5000.0,34,1,36,49.9,21580.0,2,10872.0,10707.0,0.0,0.0,10862.0,10719.0,10867.0,10713.0,2.99
5000.0,34,1,37,49.9,21582.0,2,10864.0,10710.0,0.0,0.0,10860.0,10731.0,10862.0,10720.0,2.99
5000.0,34,1,38,49.9,21580.0,2,10853.0,10720.0,0.0,0.0,10862.0,10727.0,10857.0,10723.0,2.99
5000.0,34,1,39,49.9,21581.0,2,10855.0,10721.0,0.0,0.0,10872.0,10715.0,10863.0,10718.0,2.99
5000.0,31,1,47,49.86,21580.0,2,10865.0,10706.0,0.0,0.0,10862.0,10729.0,10863.0,10717.0,2.99
5000.0,31,1,48,49.9,21581.0,2,10854.0,10719.0,0.0,0.0,10863.0,10728.0,10858.0,10723.0,2.99
5000.0,31,1,49,49.86,21579.0,2,10852.0,10718.0,0.0,0.0,10873.0,10716.0,10862.0,10717.0,2.99
5000.0,31,1,50,49.9,21583.0,2,10860.0,10713.0,0.0,0.0,10879.0,10715.0,10869.0,10714.0,2.99
