5000.0,25,1,15,49.9,21190.0,2,10623.0,10536.0,0.0,0.0,10668.0,10554.0,10645.0,10545.0,2.99
5000.0,25,1,3,49.9,2117.0,2,1064.0,1052.0,0.0,0.0,1065.0,1055.0,1064.0,1053.0,2.99
5000.0,25,1,6,49.9,2118.0,2,1062.0,1053.0,0.0,0.0,1067.0,1055.0,1064.0,1054.0,2.99
5000.0,25,1,7,49.9,2117.0,2,1063.0,1052.0,0.0,0.0,1066.0,1055.0,1064.0,1053.0,2.99
5000.0,25,1,8,49.9,2118.0,2,1063.0,1052.0,0.0,0.0,1065.0,1056.0,1064.0,1054.0,2.99
5000.0,25,1,9,49.9,2117.0,2,1062.0,1053.0,0.0,0.0,1065.0,1056.0,1063.0,1054.0,2.99
5000.0,25,1,10,49.86,2118.0,2,1062.0,1053.0,0.0,0.0,1066.0,1055.0,1064.0,1054.0,2.99
5000.0,25,1,11,49.9,2118.0,2,1063.0,1053.0,0.0,0.0,1066.0,1055.0,1064.0,1054.0,2.99
5000.0,25,1,12,49.86,2118.0,2,1064.0,1052.0,0.0,0.0,1066.0,1055.0,1065.0,1053.0,2.99
5000.0,25,1,13,49.9,2118.0,2,1063.0,1052.0,0.0,0.0,1065.0,1056.0,1064.0,1054.0,2.99
5000.0,25,1,14,49.9,21188.0,2,10624.0,10535.0,0.0,0.0,10656.0,10562.0,10640.0,10548.0,2.99
5000.0,25,1,16,49.9,21188.0,2,10634.0,10524.0,0.0,0.0,10666.0,10553.0,10650.0,10538.0,2.99
5000.0,25,1,17,49.9,21187.0,2,10639.0,10520.0,0.0,0.0,10653.0,10562.0,10646.0,10541.0,2.99
5000.0,25,1,18,49.9,21188.0,2,10626.0,10527.0,0.0,0.0,10654.0,10569.0,10640.0,10548.0,2.99
5000.0,25,1,19,49.9,21187.0,2,10623.0,10535.0,0.0,0.0,10662.0,10556.0,10642.0,10545.0,2.99
5000.0,25,1,20,49.9,21189.0,2,10627.0,10530.0,0.0,0.0,10672.0,10551.0,10649.0,10540.0,2.99
5000.0,25,1,21,49.9,21187.0,2,10637.0,10524.0,0.0,0.0,10658.0,10557.0,10647.0,10540.0,2.99
5000.0,25,1,22,49.9,21189.0,2,10635.0,10522.0,0.0,0.0,10655.0,10566.0,10645.0,10544.0,2.99
5000.0,25,1,23,49.9,21192.0,2,10623.0,10539.0,0.0,0.0,10656.0,10568.0,10639.0,10553.0,2.99
5000.0,25,1,24,49.9,21188.0,2,10620.0,10536.0,0.0,0.0,10671.0,10551.0,10645.0,10543.0,2.99
5000.0,25,1,25,49.9,21190.0,2,10635.0,10525.0,0.0,0.0,10667.0,10553.0,10651.0,10539.0,2.99
5000.0,25,1,26,49.9,21188.0,2,10638.0,10520.0,0.0,0.0,10656.0,10563.0,10647.0,10541.0,2.99
5000.0,25,1,27,49.9,21187.0,2,10628.0,10524.0,0.0,0.0,10654.0,10569.0,10641.0,10546.0,2.99
5000.0,25,1,28,49.9,21189.0,2,10624.0,10536.0,0.0,0.0,10661.0,10558.0,10642.0,10547.0,2.99
5000.0,25,1,29,49.9,21187.0,2,10624.0,10529.0,0.0,0.0,10671.0,10551.0,10647.0,10540.0,2.99
5000.0,25,1,30,49.9,21190.0,2,10638.0,10526.0,0.0,0.0,10662.0,10554.0,10650.0,10540.0,2.99
5000.0,25,1,31,49.9,21186.0,2,10632.0,10521.0,0.0,0.0,10652.0,10567.0,10642.0,10544.0,2.99
5000.0,25,1,32,49.9,21184.0,2,10618.0,10532.0,0.0,0.0,10657.0,10563.0,10637.0,10547.0,2.99
5000.0,25,1,33,49.9,21192.0,2,10626.0,10535.0,0.0,0.0,10669.0,10555.0,10647.0,10545.0,2.99
5000.0,25,1,34,49.9,21192.0,2,10636.0,10524.0,0.0,0.0,10672.0,10553.0,10654.0,10538.0,2.99
5000.0,25,1,35,49.9,21190.0,2,10644.0,10521.0,0.0,0.0,10653.0,10563.0,10648.0,10542.0,2.99
5000.0,25,1,36,49.9,21189.0,2,10627.0,10526.0,0.0,0.0,10654.0,10572.0,10640.0,10549.0,2.99
5000.0,25,1,37,49.9,21191.0,2,10622.0,10540.0,0.0,0.0,10660.0,10560.0,10641.0,10550.0,2.99
5000.0,25,1,38,49.9,21187.0,2,10624.0,10530.0,0.0,0.0,10673.0,10549.0,10648.0,10539.0,2.99
5000.0,25,1,39,49.86,21186.0,2,10639.0,10520.0,0.0,0.0,10662.0,10553.0,10650.0,10536.0,2.99
5000.0,25,1,40,49.9,21191.0,2,10636.0,10520.0,0.0,0.0,10658.0,10569.0,10647.0,10544.0,2.99
5000.0,25,1,41,49.9,21184.0,2,10624.0,10528.0,0.0,0.0,10653.0,10565.0,10638.0,10546.0,2.99
5000.0,25,1,42,49.9,21191.0,2,10624.0,10537.0,0.0,0.0,10667.0,10555.0,10645.0,10546.0,2.99
5000.0,25,1,43,49.9,21191.0,2,10633.0,10525.0,0.0,0.0,10671.0,10553.0,10652.0,10539.0,2.99
5000.0,25,1,44,49.9,21192.0,2,10638.0,10526.0,0.0,0.0,10660.0,10560.0,10649.0,10543.0,2.99
5000.0,25,1,45,49.9,21194.0,2,10630.0,10528.0,0.0,0.0,10659.0,10572.0,10644.0,10550.0,2.99
5000.0,25,1,46,49.9,21190.0,2,10623.0,10535.0,0.0,0.0,10662.0,10562.0,10642.0,10548.0,2.99
5000.0,25,1,47,49.9,21191.0,2,10627.0,10533.0,0.0,0.0,10671.0,10552.0,10649.0,10542.0,2.99
5000.0,25,1,48,49.9,21185.0,2,10635.0,10522.0,0.0,0.0,10661.0,10552.0,10648.0,10537.0,2.99
5000.0,25,1,49,49.86,21187.0,2,10638.0,10519.0,0.0,0.0,10656.0,10562.0,10647.0,10540.0,2.99
5000.0,25,1,50,49.9,21187.0,2,10626.0,10530.0,0.0,0.0,10653.0,10567.0,10639.0,10548.0,2.99
5000.0,25,1,51,49.9,21193.0,2,10622.0,10540.0,0.0,0.0,10667.0,10558.0,10644.0,10549.0,2.99
5000.0,25,1,52,49.9,21191.0,2,10629.0,10529.0,0.0,0.0,10672.0,10553.0,10650.0,10541.0,2.99
5000.0,25,1,15,49.9,21190.0,2,10623.0,10536.0,0.0,0.0,10668.0,10554.0,10645.0,10545.0,2.99
5000.0,25,1,3,49.9,2117.0,2,1064.0,1052.0,0.0,0.0,1065.0,1055.0,1064.0,1053.0,2.99
5000.0,25,1,6,49.9,2118.0,2,1062.0,1053.0,0.0,0.0,1067.0,1055.0,1064.0,1054.0,2.99
5000.0,25,1,7,49.9,2117.0,2,1063.0,1052.0,0.0,0.0,1066.0,1055.0,1064.0,1053.0,2.99
5000.0,25,1,8,49.9,2118.0,2,1063.0,1052.0,0.0,0.0,1065.0,1056.0,1064.0,1054.0,2.99
5000.0,25,1,9,49.9,2117.0,2,1062.0,1053.0,0.0,0.0,1065.0,1056.0,1063.0,1054.0,2.99
5000.0,25,1,10,49.86,2118.0,2,1062.0,1053.0,0.0,0.0,1066.0,1055.0,1064.0,1054.0,2.99
5000.0,25,1,11,49.9,2118.0,2,1063.0,1053.0,0.0,0.0,1066.0,1055.0,1064.0,1054.0,2.99
5000.0,25,1,12,49.86,2118.0,2,1064.0,1052.0,0.0,0.0,1066.0,1055.0,1065.0,1053.0,2.99
5000.0,25,1,13,49.9,2118.0,2,1063.0,1052.0,0.0,0.0,1065.0,1056.0,1064.0,1054.0,2.99
5000.0,25,1,14,49.9,21188.0,2,10624.0,10535.0,0.0,0.0,10656.0,10562.0,10640.0,10548.0,2.99
5000.0,25,1,16,49.9,21188.0,2,10634.0,10524.0,0.0,0.0,10666.0,10553.0,10650.0,10538.0,2.99
5000.0,25,1,17,49.9,21187.0,2,10639.0,10520.0,0.0,0.0,10653.0,10562.0,10646.0,10541.0,2.99
5000.0,25,1,18,49.9,21188.0,2,10626.0,10527.0,0.0,0.0,10654.0,10569.0,10640.0,10548.0,2.99
5000.0,25,1,19,49.9,21187.0,2,10623.0,10535.0,0.0,0.0,10662.0,10556.0,10642.0,10545.0,2.99
5000.0,25,1,20,49.9,21189.0,2,10627.0,10530.0,0.0,0.0,10672.0,10551.0,10649.0,10540.0,2.99
5000.0,25,1,21,49.9,21187.0,2,10637.0,10524.0,0.0,0.0,10658.0,10557.0,10647.0,10540.0,2.99
5000.0,25,1,22,49.9,21189.0,2,10635.0,10522.0,0.0,0.0,10655.0,10566.0,10645.0,10544.0,2.99
5000.0,25,1,23,49.9,21192.0,2,10623.0,10539.0,0.0,0.0,10656.0,10568.0,10639.0,10553.0,2.99
5000.0,25,1,24,49.9,21188.0,2,10620.0,10536.0,0.0,0.0,10671.0,10551.0,10645.0,10543.0,2.99
5000.0,25,1,25,49.9,21190.0,2,10635.0,10525.0,0.0,0.0,10667.0,10553.0,10651.0,10539.0,2.99
5000.0,25,1,26,49.9,21188.0,2,10638.0,10520.0,0.0,0.0,10656.0,10563.0,10647.0,10541.0,2.99
5000.0,25,1,27,49.9,21187.0,2,10628.0,10524.0,0.0,0.0,10654.0,10569.0,10641.0,10546.0,2.99
5000.0,25,1,28,49.9,21189.0,2,10624.0,10536.0,0.0,0.0,10661.0,10558.0,10642.0,10547.0,2.99
5000.0,25,1,29,49.9,21187.0,2,10624.0,10529.0,0.0,0.0,10671.0,10551.0,10647.0,10540.0,2.99
5000.0,25,1,30,49.9,21190.0,2,10638.0,10526.0,0.0,0.0,10662.0,10554.0,10650.0,10540.0,2.99
5000.0,25,1,31,49.9,21186.0,2,10632.0,10521.0,0.0,0.0,10652.0,10567.0,10642.0,10544.0,2.99
5000.0,25,1,32,49.9,21184.0,2,10618.0,10532.0,0.0,0.0,10657.0,10563.0,10637.0,10547.0,2.99
5000.0,25,1,33,49.9,21192.0,2,10626.0,10535.0,0.0,0.0,10669.0,10555.0,10647.0,10545.0,2.99
5000.0,25,1,34,49.9,21192.0,2,10636.0,10524.0,0.0,0.0,10672.0,10553.0,10654.0,10538.0,2.99
5000.0,25,1,35,49.9,21190.0,2,10644.0,10521.0,0.0,0.0,10653.0,10563.0,10648.0,10542.0,2.99
5000.0,25,1,36,49.9,21189.0,2,10627.0,10526.0,0.0,0.0,10654.0,10572.0,10640.0,10549.0,2.99
5000.0,25,1,37,49.9,21191.0,2,10622.0,10540.0,0.0,0.0,10660.0,10560.0,10641.0,10550.0,2.99
5000.0,25,1,38,49.9,21187.0,2,10624.0,10530.0,0.0,0.0,10673.0,10549.0,10648.0,10539.0,2.99
5000.0,25,1,39,49.86,21186.0,2,10639.0,10520.0,0.0,0.0,10662.0,10553.0,10650.0,10536.0,2.99
5000.0,25,1,40,49.9,21191.0,2,10636.0,10520.0,0.0,0.0,10658.0,10569.0,10647.0,10544.0,2.99
5000.0,25,1,41,49.9,21184.0,2,10624.0,10528.0,0.0,0.0,10653.0,10565.0,10638.0,10546.0,2.99
5000.0,25,1,42,49.9,21191.0,2,10624.0,10537.0,0.0,0.0,10667.0,10555.0,10645.0,10546.0,2.99
5000.0,25,1,43,49.9,21191.0,2,10633.0,10525.0,0.0,0.0,10671.0,10553.0,10652.0,10539.0,2.99
5000.0,25,1,44,49.9,21192.0,2,10638.0,10526.0,0.0,0.0,10660.0,10560.0,10649.0,10543.0,2.99
5000.0,25,1,45,49.9,21194.0,2,10630.0,10528.0,0.0,0.0,10659.0,10572.0,10644.0,10550.0,2.99
5000.0,25,1,46,49.9,21190.0,2,10623.0,10535.0,0.0,0.0,10662.0,10562.0,10642.0,10548.0,2.99
5000.0,25,1,47,49.9,21191.0,2,10627.0,10533.0,0.0,0.0,10671.0,10552.0,10649.0,10542.0,2.99
5000.0,25,1,48,49.9,21185.0,2,10635.0,10522.0,0.0,0.0,10661.0,10552.0,10648.0,10537.0,2.99
5000.0,25,1,49,49.86,21187.0,2,10638.0,10519.0,0.0,0.0,10656.0,10562.0,10647.0,10540.0,2.99
5000.0,25,1,50,49.9,21187.0,2,10626.0,10530.0,0.0,0.0,10653.0,10567.0,10639.0,10548.0,2.99
5000.0,25,1,51,49.9,21193.0,2,10622.0,10540.0,0.0,0.0,10667.0,10558.0,10644.0,10549.0,2.99
5000.0,25,1,52,49.9,21191.0,2,10629.0,10529.0,0.0,0.0,10672.0,10553.0,10650.0,10541.0,2.99
5000.0,25,1,15,49.9,21190.0,2,10623.0,10536.0,0.0,0.0,10668.0,10554.0,10645.0,10545.0,2.99
5000.0,25,1,3,49.9,2117.0,2,1064.0,1052.0,0.0,0.0,1065.0,1055.0,1064.0,1053.0,2.99
5000.0,25,1,6,49.9,2118.0,2,1062.0,1053.0,0.0,0.0,1067.0,1055.0,1064.0,1054.0,2.99
5000.0,25,1,7,49.9,2117.0,2,1063.0,1052.0,0.0,0.0,1066.0,1055.0,1064.0,1053.0,2.99
5000.0,25,1,8,49.9,2118.0,2,1063.0,1052.0,0.0,0.0,1065.0,1056.0,1064.0,1054.0,2.99
5000.0,25,1,9,49.9,2117.0,2,1062.0,1053.0,0.0,0.0,1065.0,1056.0,1063.0,1054.0,2.99
5000.0,25,1,10,49.86,2118.0,2,1062.0,1053.0,0.0,0.0,1066.0,1055.0,1064.0,1054.0,2.99
5000.0,25,1,11,49.9,2118.0,2,1063.0,1053.0,0.0,0.0,1066.0,1055.0,1064.0,1054.0,2.99
5000.0,25,1,12,49.86,2118.0,2,1064.0,1052.0,0.0,0.0,1066.0,1055.0,1065.0,1053.0,2.99
5000.0,25,1,13,49.9,2118.0,2,1063.0,1052.0,0.0,0.0,1065.0,1056.0,1064.0,1054.0,2.99
5000.0,25,1,14,49.9,21188.0,2,10624.0,10535.0,0.0,0.0,10656.0,10562.0,10640.0,10548.0,2.99
5000.0,25,1,16,49.9,21188.0,2,10634.0,10524.0,0.0,0.0,10666.0,10553.0,10650.0,10538.0,2.99
5000.0,25,1,17,49.9,21187.0,2,10639.0,10520.0,0.0,0.0,10653.0,10562.0,10646.0,10541.0,2.99
5000.0,25,1,18,49.9,21188.0,2,10626.0,10527.0,0.0,0.0,10654.0,10569.0,10640.0,10548.0,2.99
5000.0,25,1,19,49.9,21187.0,2,10623.0,10535.0,0.0,0.0,10662.0,10556.0,10642.0,10545.0,2.99
5000.0,25,1,20,49.9,21189.0,2,10627.0,10530.0,0.0,0.0,10672.0,10551.0,10649.0,10540.0,2.99
5000.0,25,1,21,49.9,21187.0,2,10637.0,10524.0,0.0,0.0,10658.0,10557.0,10647.0,10540.0,2.99
5000.0,25,1,22,49.9,21189.0,2,10635.0,10522.0,0.0,0.0,10655.0,10566.0,10645.0,10544.0,2.99
5000.0,25,1,23,49.9,21192.0,2,10623.0,10539.0,0.0,0.0,10656.0,10568.0,10639.0,10553.0,2.99
5000.0,25,1,24,49.9,21188.0,2,10620.0,10536.0,0.0,0.0,10671.0,10551.0,10645.0,10543.0,2.99
5000.0,25,1,25,49.9,21190.0,2,10635.0,10525.0,0.0,0.0,10667.0,10553.0,10651.0,10539.0,2.99
5000.0,25,1,26,49.9,21188.0,2,10638.0,10520.0,0.0,0.0,10656.0,10563.0,10647.0,10541.0,2.99
5000.0,25,1,27,49.9,21187.0,2,10628.0,10524.0,0.0,0.0,10654.0,10569.0,10641.0,10546.0,2.99
5000.0,25,1,28,49.9,21189.0,2,10624.0,10536.0,0.0,0.0,10661.0,10558.0,10642.0,10547.0,2.99
5000.0,25,1,29,49.9,21187.0,2,10624.0,10529.0,0.0,0.0,10671.0,10551.0,10647.0,10540.0,2.99
5000.0,25,1,30,49.9,21190.0,2,10638.0,10526.0,0.0,0.0,10662.0,10554.0,10650.0,10540.0,2.99
5000.0,25,1,31,49.9,21186.0,2,10632.0,10521.0,0.0,0.0,10652.0,10567.0,10642.0,10544.0,2.99
5000.0,25,1,32,49.9,21184.0,2,10618.0,10532.0,0.0,0.0,10657.0,10563.0,10637.0,10547.0,2.99
5000.0,25,1,33,49.9,21192.0,2,10626.0,10535.0,0.0,0.0,10669.0,10555.0,10647.0,10545.0,2.99
5000.0,25,1,34,49.9,21192.0,2,10636.0,10524.0,0.0,0.0,10672.0,10553.0,10654.0,10538.0,2.99
5000.0,25,1,35,49.9,21190.0,2,10644.0,10521.0,0.0,0.0,10653.0,10563.0,10648.0,10542.0,2.99
5000.0,25,1,36,49.9,21189.0,2,10627.0,10526.0,0.0,0.0,10654.0,10572.0,10640.0,10549.0,2.99
5000.0,25,1,37,49.9,21191.0,2,10622.0,10540.0,0.0,0.0,10660.0,10560.0,10641.0,10550.0,2.99
5000.0,25,1,38,49.9,21187.0,2,10624.0,10530.0,0.0,0.0,10673.0,10549.0,10648.0,10539.0,2.99
5000.0,25,1,39,49.86,21186.0,2,10639.0,10520.0,0.0,0.0,10662.0,10553.0,10650.0,10536.0,2.99
5000.0,25,1,40,49.9,21191.0,2,10636.0,10520.0,0.0,0.0,10658.0,10569.0,10647.0,10544.0,2.99
5000.0,25,1,41,49.9,21184.0,2,10624.0,10528.0,0.0,0.0,10653.0,10565.0,10638.0,10546.0,2.99
5000.0,25,1,42,49.9,21191.0,2,10624.0,10537.0,0.0,0.0,10667.0,10555.0,10645.0,10546.0,2.99
5000.0,25,1,43,49.9,21191.0,2,10633.0,10525.0,0.0,0.0,10671.0,10553.0,10652.0,10539.0,2.99
5000.0,25,1,44,49.9,21192.0,2,10638.0,10526.0,0.0,0.0,10660.0,10560.0,10649.0,10543.0,2.99
5000.0,25,1,45,49.9,21194.0,2,10630.0,10528.0,0.0,0.0,10659.0,10572.0,10644.0,10550.0,2.99
5000.0,25,1,46,49.9,21190.0,2,10623.0,10535.0,0.0,0.0,10662.0,10562.0,10642.0,10548.0,2.99
5000.0,25,1,47,49.9,21191.0,2,10627.0,10533.0,0.0,0.0,10671.0,10552.0,10649.0,10542.0,2.99
5000.0,25,1,48,49.9,21185.0,2,10635.0,10522.0,0.0,0.0,10661.0,10552.0,10648.0,10537.0,2.99
5000.0,25,1,49,49.86,21187.0,2,10638.0,10519.0,0.0,0.0,10656.0,10562.0,10647.0,10540.0,2.99
5000.0,25,1,50,49.9,21187.0,2,10626.0,10530.0,0.0,0.0,10653.0,10567.0,10639.0,10548.0,2.99
5000.0,25,1,51,49.9,21193.0,2,10622.0,10540.0,0.0,0.0,10667.0,10558.0,10644.0,10549.0,2.99
5000.0,25,1,52,49.9,21191.0,2,10629.0,10529.0,0.0,0.0,10672.0,10553.0,10650.0,10541.0,2.99
5000.0,25,1,15,49.9,21190.0,2,10623.0,10536.0,0.0,0.0,10668.0,10554.0,10645.0,10545.0,2.99
5000.0,25,1,3,49.9,2117.0,2,1064.0,1052.0,0.0,0.0,1065.0,1055.0,1064.0,1053.0,2.99
5000.0,25,1,6,49.9,2118.0,2,1062.0,1053.0,0.0,0.0,1067.0,1055.0,1064.0,1054.0,2.99
5000.0,25,1,7,49.9,2117.0,2,1063.0,1052.0,0.0,0.0,1066.0,1055.0,1064.0,1053.0,2.99
5000.0,25,1,8,49.9,2118.0,2,1063.0,1052.0,0.0,0.0,1065.0,1056.0,1064.0,1054.0,2.99
5000.0,25,1,9,49.9,2117.0,2,1062.0,1053.0,0.0,0.0,1065.0,1056.0,1063.0,1054.0,2.99
5000.0,25,1,10,49.86,2118.0,2,1062.0,1053.0,0.0,0.0,1066.0,1055.0,1064.0,1054.0,2.99
5000.0,25,1,11,49.9,2118.0,2,1063.0,1053.0,0.0,0.0,1066.0,1055.0,1064.0,1054.0,2.99
5000.0,25,1,12,49.86,2118.0,2,1064.0,1052.0,0.0,0.0,1066.0,1055.0,1065.0,1053.0,2.99
5000.0,25,1,13,49.9,2118.0,2,1063.0,1052.0,0.0,0.0,1065.0,1056.0,1064.0,1054.0,2.99
5000.0,25,1,14,49.9,21188.0,2,10624.0,10535.0,0.0,0.0,10656.0,10562.0,10640.0,10548.0,2.99
5000.0,25,1,16,49.9,21188.0,2,10634.0,10524.0,0.0,0.0,10666.0,10553.0,10650.0,10538.0,2.99
5000.0,25,1,17,49.9,21187.0,2,10639.0,10520.0,0.0,0.0,10653.0,10562.0,10646.0,10541.0,2.99
5000.0,25,1,18,49.9,21188.0,2,10626.0,10527.0,0.0,0.0,10654.0,10569.0,10640.0,10548.0,2.99
5000.0,25,1,19,49.9,21187.0,2,10623.0,10535.0,0.0,0.0,10662.0,10556.0,10642.0,10545.0,2.99
5000.0,25,1,20,49.9,21189.0,2,10627.0,10530.0,0.0,0.0,10672.0,10551.0,10649.0,10540.0,2.99
5000.0,25,1,21,49.9,21187.0,2,10637.0,10524.0,0.0,0.0,10658.0,10557.0,10647.0,10540.0,2.99
5000.0,25,1,22,49.9,21189.0,2,10635.0,10522.0,0.0,0.0,10655.0,10566.0,10645.0,10544.0,2.99
5000.0,25,1,23,49.9,21192.0,2,10623.0,10539.0,0.0,0.0,10656.0,10568.0,10639.0,10553.0,2.99
5000.0,25,1,24,49.9,21188.0,2,10620.0,10536.0,0.0,0.0,10671.0,10551.0,10645.0,10543.0,2.99
5000.0,25,1,25,49.9,21190.0,2,10635.0,10525.0,0.0,0.0,10667.0,10553.0,10651.0,10539.0,2.99
5000.0,25,1,26,49.9,21188.0,2,10638.0,10520.0,0.0,0.0,10656.0,10563.0,10647.0,10541.0,2.99
5000.0,25,1,27,49.9,21187.0,2,10628.0,10524.0,0.0,0.0,10654.0,10569.0,10641.0,10546.0,2.99
5000.0,25,1,28,49.9,21189.0,2,10624.0,10536.0,0.0,0.0,10661.0,10558.0,10642.0,10547.0,2.99
5000.0,25,1,29,49.9,21187.0,2,10624.0,10529.0,0.0,0.0,10671.0,10551.0,10647.0,10540.0,2.99
5000.0,25,1,30,49.9,21190.0,2,10638.0,10526.0,0.0,0.0,10662.0,10554.0,10650.0,10540.0,2.99
5000.0,25,1,31,49.9,21186.0,2,10632.0,10521.0,0.0,0.0,10652.0,10567.0,10642.0,10544.0,2.99
5000.0,25,1,32,49.9,21184.0,2,10618.0,10532.0,0.0,0.0,10657.0,10563.0,10637.0,10547.0,2.99
5000.0,25,1,33,49.9,21192.0,2,10626.0,10535.0,0.0,0.0,10669.0,10555.0,10647.0,10545.0,2.99
5000.0,25,1,34,49.9,21192.0,2,10636.0,10524.0,0.0,0.0,10672.0,10553.0,10654.0,10538.0,2.99
5000.0,25,1,35,49.9,21190.0,2,10644.0,10521.0,0.0,0.0,10653.0,10563.0,10648.0,10542.0,2.99
5000.0,25,1,36,49.9,21189.0,2,10627.0,10526.0,0.0,0.0,10654.0,10572.0,10640.0,10549.0,2.99
5000.0,25,1,37,49.9,21191.0,2,10622.0,10540.0,0.0,0.0,10660.0,10560.0,10641.0,10550.0,2.99
5000.0,25,1,38,49.9,21187.0,2,10624.0,10530.0,0.0,0.0,10673.0,10549.0,10648.0,10539.0,2.99
5000.0,25,1,39,49.86,21186.0,2,10639.0,10520.0,0.0,0.0,10662.0,10553.0,10650.0,10536.0,2.99
5000.0,25,1,40,49.9,21191.0,2,10636.0,10520.0,0.0,0.0,10658.0,10569.0,10647.0,10544.0,2.99
5000.0,25,1,41,49.9,21184.0,2,10624.0,10528.0,0.0,0.0,10653.0,10565.0,10638.0,10546.0,2.99
5000.0,25,1,42,49.9,21191.0,2,10624.0,10537.0,0.0,0.0,10667.0,10555.0,10645.0,10546.0,2.99
5000.0,25,1,43,49.9,21191.0,2,10633.0,10525.0,0.0,0.0,10671.0,10553.0,10652.0,10539.0,2.99
5000.0,25,1,44,49.9,21192.0,2,10638.0,10526.0,0.0,0.0,10660.0,10560.0,10649.0,10543.0,2.99
5000.0,25,1,45,49.9,21194.0,2,10630.0,10528.0,0.0,0.0,10659.0,10572.0,10644.0,10550.0,2.99
5000.0,25,1,46,49.9,21190.0,2,10623.0,10535.0,0.0,0.0,10662.0,10562.0,10642.0,10548.0,2.99
5000.0,25,1,47,49.9,21191.0,2,10627.0,10533.0,0.0,0.0,10671.0,10552.0,10649.0,10542.0,2.99
5000.0,25,1,48,49.9,21185.0,2,10635.0,10522.0,0.0,0.0,10661.0,10552.0,10648.0,10537.0,2.99
5000.0,25,1,49,49.86,21187.0,2,10638.0,10519.0,0.0,0.0,10656.0,10562.0,10647.0,10540.0,2.99
5000.0,25,1,50,49.9,21187.0,2,10626.0,10530.0,0.0,0.0,10653.0,10567.0,10639.0,10548.0,2.99
5000.0,25,1,51,49.9,21193.0,2,10622.0,10540.0,0.0,0.0,10667.0,10558.0,10644.0,10549.0,2.99
5000.0,25,1,52,49.9,21191.0,2,10629.0,10529.0,0.0,0.0,10672.0,10553.0,10650.0,10541.0,2.99
5000.0,25,1,15,49.9,21190.0,2,10623.0,10536.0,0.0,0.0,10668.0,10554.0,10645.0,10545.0,2.99
5000.0,25,1,3,49.9,2117.0,2,1064.0,1052.0,0.0,0.0,1065.0,1055.0,1064.0,1053.0,2.99
5000.0,25,1,6,49.9,2118.0,2,1062.0,1053.0,0.0,0.0,1067.0,1055.0,1064.0,1054.0,2.99
5000.0,25,1,7,49.9,2117.0,2,1063.0,1052.0,0.0,0.0,1066.0,1055.0,1064.0,1053.0,2.99
5000.0,25,1,8,49.9,2118.0,2,1063.0,1052.0,0.0,0.0,1065.0,1056.0,1064.0,1054.0,2.99
5000.0,25,1,9,49.9,2117.0,2,1062.0,1053.0,0.0,0.0,1065.0,1056.0,1063.0,1054.0,2.99
5000.0,25,1,10,49.86,2118.0,2,1062.0,1053.0,0.0,0.0,1066.0,1055.0,1064.0,1054.0,2.99
5000.0,25,1,11,49.9,2118.0,2,1063.0,1053.0,0.0,0.0,1066.0,1055.0,1064.0,1054.0,2.99
5000.0,25,1,12,49.86,2118.0,2,1064.0,1052.0,0.0,0.0,1066.0,1055.0,1065.0,1053.0,2.99
5000.0,25,1,13,49.9,2118.0,2,1063.0,1052.0,0.0,0.0,1065.0,1056.0,1064.0,1054.0,2.99
5000.0,25,1,14,49.9,21188.0,2,10624.0,10535.0,0.0,0.0,10656.0,10562.0,10640.0,10548.0,2.99
5000.0,25,1,16,49.9,21188.0,2,10634.0,10524.0,0.0,0.0,10666.0,10553.0,10650.0,10538.0,2.99
5000.0,25,1,17,49.9,21187.0,2,10639.0,10520.0,0.0,0.0,10653.0,10562.0,10646.0,10541.0,2.99
5000.0,25,1,18,49.9,21188.0,2,10626.0,10527.0,0.0,0.0,10654.0,10569.0,10640.0,10548.0,2.99
5000.0,25,1,19,49.9,21187.0,2,10623.0,10535.0,0.0,0.0,10662.0,10556.0,10642.0,10545.0,2.99
5000.0,25,1,20,49.9,21189.0,2,10627.0,10530.0,0.0,0.0,10672.0,10551.0,10649.0,10540.0,2.99
5000.0,25,1,21,49.9,21187.0,2,10637.0,10524.0,0.0,0.0,10658.0,10557.0,10647.0,10540.0,2.99
5000.0,25,1,22,49.9,21189.0,2,10635.0,10522.0,0.0,0.0,10655.0,10566.0,10645.0,10544.0,2.99
5000.0,25,1,23,49.9,21192.0,2,10623.0,10539.0,0.0,0.0,10656.0,10568.0,10639.0,10553.0,2.99
5000.0,25,1,24,49.9,21188.0,2,10620.0,10536.0,0.0,0.0,10671.0,10551.0,10645.0,10543.0,2.99
5000.0,25,1,25,49.9,21190.0,2,10635.0,10525.0,0.0,0.0,10667.0,10553.0,10651.0,10539.0,2.99
5000.0,25,1,26,49.9,21188.0,2,10638.0,10520.0,0.0,0.0,10656.0,10563.0,10647.0,10541.0,2.99
5000.0,25,1,27,49.9,21187.0,2,10628.0,10524.0,0.0,0.0,10654.0,10569.0,10641.0,10546.0,2.99
5000.0,25,1,28,49.9,21189.0,2,10624.0,10536.0,0.0,0.0,10661.0,10558.0,10642.0,10547.0,2.99
5000.0,25,1,29,49.9,21187.0,2,10624.0,10529.0,0.0,0.0,10671.0,10551.0,10647.0,10540.0,2.99
5000.0,25,1,30,49.9,21190.0,2,10638.0,10526.0,0.0,0.0,10662.0,10554.0,10650.0,10540.0,2.99
5000.0,25,1,31,49.9,21186.0,2,10632.0,10521.0,0.0,0.0,10652.0,10567.0,10642.0,10544.0,2.99
5000.0,25,1,32,49.9,21184.0,2,10618.0,10532.0,0.0,0.0,10657.0,10563.0,10637.0,10547.0,2.99
5000.0,25,1,33,49.9,21192.0,2,10626.0,10535.0,0.0,0.0,10669.0,10555.0,10647.0,10545.0,2.99
5000.0,25,1,34,49.9,21192.0,2,10636.0,10524.0,0.0,0.0,10672.0,10553.0,10654.0,10538.0,2.99
5000.0,25,1,35,49.9,21190.0,2,10644.0,10521.0,0.0,0.0,10653.0,10563.0,10648.0,10542.0,2.99
5000.0,25,1,36,49.9,21189.0,2,10627.0,10526.0,0.0,0.0,10654.0,10572.0,10640.0,10549.0,2.99
5000.0,25,1,37,49.9,21191.0,2,10622.0,10540.0,0.0,0.0,10660.0,10560.0,10641.0,10550.0,2.99
5000.0,25,1,38,49.9,21187.0,2,10624.0,10530.0,0.0,0.0,10673.0,10549.0,10648.0,10539.0,2.99
5000.0,25,1,39,49.86,21186.0,2,10639.0,10520.0,0.0,0.0,10662.0,10553.0,10650.0,10536.0,2.99
5000.0,25,1,40,49.9,21191.0,2,10636.0,10520.0,0.0,0.0,10658.0,10569.0,10647.0,10544.0,2.99
5000.0,25,1,41,49.9,21184.0,2,10624.0,10528.0,0.0,0.0,10653.0,10565.0,10638.0,10546.0,2.99
5000.0,25,1,42,49.9,21191.0,2,10624.0,10537.0,0.0,0.0,10667.0,10555.0,10645.0,10546.0,2.99
5000.0,25,1,43,49.9,21191.0,2,10633.0,10525.0,0.0,0.0,10671.0,10553.0,10652.0,10539.0,2.99
5000.0,25,1,44,49.9,21192.0,2,10638.0,10526.0,0.0,0.0,10660.0,10560.0,10649.0,10543.0,2.99
5000.0,25,1,45,49.9,21194.0,2,10630.0,10528.0,0.0,0.0,10659.0,10572.0,10644.0,10550.0,2.99
5000.0,25,1,46,49.9,21190.0,2,10623.0,10535.0,0.0,0.0,10662.0,10562.0,10642.0,10548.0,2.99
5000.0,25,1,47,49.9,21191.0,2,10627.0,10533.0,0.0,0.0,10671.0,10552.0,10649.0,10542.0,2.99
5000.0,25,1,48,49.9,21185.0,2,10635.0,10522.0,0.0,0.0,10661.0,10552.0,10648.0,10537.0,2.99
5000.0,25,1,49,49.86,21187.0,2,10638.0,10519.0,0.0,0.0,10656.0,10562.0,10647.0,10540.0,2.99
5000.0,25,1,50,49.9,21187.0,2,10626.0,10530.0,0.0,0.0,10653.0,10567.0,10639.0,10548.0,2.99
5000.0,25,1,51,49.9,21193.0,2,10622.0,10540.0,0.0,0.0,10667.0,10558.0,10644.0,10549.0,2.99
5000.0,25,1,52,49.9,21191.0,2,10629.0,10529.0,0.0,0.0,10672.0,10553.0,10650.0,10541.0,2.99
